1 1 -7.51266e-06
1 2 -1.50345e-05
1 3 -2.25692e-05
1 4 -3.01188e-05
1 5 -3.7683e-05
1 6 -4.5258e-05
1 7 -5.28364e-05
1 8 -6.04055e-05
1 9 -6.79475e-05
1 10 -7.54382e-05
1 11 -8.28471e-05
1 12 -9.01364e-05
1 13 -9.72616e-05
1 14 -0.000104171
1 15 -0.000110806
1 16 -0.000117104
1 17 -0.000122996
1 18 -0.000128411
1 19 -0.000133278
1 20 -0.000137527
1 21 -0.000141094
1 22 -0.000143918
1 23 -0.000145952
1 24 -0.000147159
1 25 -0.000147515
1 26 -0.000147011
1 27 -0.000145655
1 28 -0.000143467
1 29 -0.000140482
1 30 -0.000136747
1 31 -0.00013232
1 32 -0.000127262
1 33 -0.000121643
1 34 -0.000115531
1 35 -0.000108996
1 36 -0.000102105
1 37 -9.49186e-05
1 38 -8.74949e-05
1 39 -7.98841e-05
1 40 -7.21298e-05
1 41 -6.42688e-05
1 42 -5.63314e-05
1 43 -4.83415e-05
1 44 -4.03171e-05
1 45 -3.22712e-05
1 46 -2.42126e-05
1 47 -1.61464e-05
1 48 -8.07526e-06
2 1 -1.50345e-05
2 2 -3.0088e-05
2 3 -4.51687e-05
2 4 -6.02815e-05
2 5 -7.54263e-05
2 6 -9.05967e-05
2 7 -0.000105778
2 8 -0.000120946
2 9 -0.000136065
2 10 -0.000151088
2 11 -0.000165953
2 12 -0.000180586
2 13 -0.000194897
2 14 -0.000208782
2 15 -0.000222124
2 16 -0.000234794
2 17 -0.000246654
2 18 -0.000257561
2 19 -0.00026737
2 20 -0.000275937
2 21 -0.000283131
2 22 -0.000288831
2 23 -0.000292937
2 24 -0.000295374
2 25 -0.000296093
2 26 -0.000295078
2 27 -0.000292341
2 28 -0.000287927
2 29 -0.000281907
2 30 -0.000274377
2 31 -0.000265452
2 32 -0.000255263
2 33 -0.000243948
2 34 -0.000231648
2 35 -0.000218503
2 36 -0.000204649
2 37 -0.000190211
2 38 -0.000175303
2 39 -0.000160027
2 40 -0.000144471
2 41 -0.000128708
2 42 -0.000112797
2 43 -9.67876e-05
2 44 -8.07137e-05
2 45 -6.46009e-05
2 46 -4.8466e-05
2 47 -3.23186e-05
2 48 -1.6163e-05
3 1 -2.25692e-05
3 2 -4.51687e-05
3 3 -6.78127e-05
3 4 -9.05105e-05
3 5 -0.000113264
3 6 -0.000136065
3 7 -0.000158893
3 8 -0.000181715
3 9 -0.000204477
3 10 -0.000227111
3 11 -0.000249525
3 12 -0.000271607
3 13 -0.000293221
3 14 -0.000314212
3 15 -0.000334402
3 16 -0.000353593
3 17 -0.000371575
3 18 -0.000388128
3 19 -0.000403027
3 20 -0.000416052
3 21 -0.000426997
3 22 -0.000435675
3 23 -0.00044193
3 24 -0.000445645
3 25 -0.000446745
3 26 -0.000445202
3 27 -0.000441037
3 28 -0.00043432
3 29 -0.000425162
3 30 -0.000413713
3 31 -0.000400153
3 32 -0.000384684
3 33 -0.000367519
3 34 -0.000348877
3 35 -0.000328975
3 36 -0.000308017
3 37 -0.000286197
3 38 -0.000263687
3 39 -0.000240642
3 40 -0.000217192
3 41 -0.000193447
3 42 -0.000169498
3 43 -0.000145413
3 44 -0.000121244
3 45 -9.70274e-05
3 46 -7.27861e-05
3 47 -4.85323e-05
3 48 -2.42706e-05
4 1 -3.01188e-05
4 2 -6.02815e-05
4 3 -9.05105e-05
4 4 -0.000120822
4 5 -0.000151221
4 6 -0.000181702
4 7 -0.00021224
4 8 -0.000242793
4 9 -0.000273295
4 10 -0.000303655
4 11 -0.000333753
4 12 -0.00036344
4 13 -0.000392536
4 14 -0.00042083
4 15 -0.00044808
4 16 -0.000474019
4 17 -0.000498358
4 18 -0.000520792
4 19 -0.000541011
4 20 -0.000558709
4 21 -0.000573596
4 22 -0.000585412
4 23 -0.000593938
4 24 -0.000599006
4 25 -0.000600511
4 26 -0.000598416
4 27 -0.000592749
4 28 -0.000583608
4 29 -0.000571153
4 30 -0.000555594
4 31 -0.000537185
4 32 -0.000516206
4 33 -0.000492957
4 34 -0.000467741
4 35 -0.000440855
4 36 -0.000412582
4 37 -0.000383184
4 38 -0.000352896
4 39 -0.000321925
4 40 -0.000290446
4 41 -0.000258606
4 42 -0.000226521
4 43 -0.000194282
4 44 -0.000161954
4 45 -0.000129582
4 46 -9.71928e-05
4 47 -6.47994e-05
4 48 -3.24036e-05
5 1 -3.7683e-05
5 2 -7.54263e-05
5 3 -0.000113264
5 4 -0.000151221
5 5 -0.000189312
5 6 -0.000227532
5 7 -0.000265859
5 8 -0.000304244
5 9 -0.000342609
5 10 -0.000380846
5 11 -0.000418807
5 12 -0.000456307
5 13 -0.000493121
5 14 -0.000528982
5 15 -0.000563582
5 16 -0.000596578
5 17 -0.000627595
5 18 -0.000656236
5 19 -0.000682093
5 20 -0.000704764
5 21 -0.000723862
5 22 -0.00073904
5 23 -0.000750005
5 24 -0.000756533
5 25 -0.00075848
5 26 -0.000755797
5 27 -0.000748523
5 28 -0.000736792
5 29 -0.000720816
5 30 -0.000700881
5 31 -0.000677323
5 32 -0.000650518
5 33 -0.000620861
5 34 -0.00058875
5 35 -0.000554573
5 36 -0.000518697
5 37 -0.000481458
5 38 -0.000443157
5 39 -0.000404053
5 40 -0.000364367
5 41 -0.000324281
5 42 -0.000283936
5 43 -0.000243442
5 44 -0.000202874
5 45 -0.000162284
5 46 -0.000121698
5 47 -8.11264e-05
5 48 -4.05647e-05
6 1 -4.5258e-05
6 2 -9.05967e-05
6 3 -0.000136065
6 4 -0.000181702
6 5 -0.000227532
6 6 -0.000273561
6 7 -0.000319768
6 8 -0.000366103
6 9 -0.000412482
6 10 -0.000458779
6 11 -0.000504823
6 12 -0.000550396
6 13 -0.000595227
6 14 -0.000638991
6 15 -0.000681312
6 16 -0.000721762
6 17 -0.000759875
6 18 -0.000795148
6 19 -0.000827063
6 20 -0.000855103
6 21 -0.000878769
6 22 -0.00089761
6 23 -0.000911242
6 24 -0.000919371
6 25 -0.000921809
6 26 -0.000918491
6 27 -0.00090947
6 28 -0.000894921
6 29 -0.000875127
6 30 -0.00085046
6 31 -0.000821359
6 32 -0.000788311
6 33 -0.000751822
6 34 -0.000712401
6 35 -0.000670538
6 36 -0.00062669
6 37 -0.000581277
6 38 -0.000534664
6 39 -0.00048717
6 40 -0.000439058
6 41 -0.000390543
6 42 -0.000341789
6 43 -0.00029292
6 44 -0.00024402
6 45 -0.000195139
6 46 -0.000146303
6 47 -9.75125e-05
6 48 -4.87532e-05
7 1 -5.28364e-05
7 2 -0.000105778
7 3 -0.000158893
7 4 -0.00021224
7 5 -0.000265859
7 6 -0.000319768
7 7 -0.000373955
7 8 -0.000428374
7 9 -0.000482938
7 10 -0.00053751
7 11 -0.000591899
7 12 -0.000645856
7 13 -0.000699064
7 14 -0.000751142
7 15 -0.000801639
7 16 -0.000850041
7 17 -0.000895774
7 18 -0.000938219
7 19 -0.000976728
7 20 -0.00101065
7 21 -0.00103935
7 22 -0.00106224
7 23 -0.00107884
7 24 -0.00108875
7 25 -0.00109175
7 26 -0.00108773
7 27 -0.00107678
7 28 -0.00105912
7 29 -0.00103512
7 30 -0.00100526
7 31 -0.000970104
7 32 -0.000930279
7 33 -0.000886422
7 34 -0.000839168
7 35 -0.000789124
7 36 -0.000736852
7 37 -0.000682855
7 38 -0.000627574
7 39 -0.000571382
7 40 -0.000514585
7 41 -0.000457427
7 42 -0.000400093
7 43 -0.000342716
7 44 -0.000285381
7 45 -0.000228136
7 46 -0.000170995
7 47 -0.000113948
7 48 -5.69635e-05
8 1 -6.04055e-05
8 2 -0.000120946
8 3 -0.000181715
8 4 -0.000242793
8 5 -0.000304244
8 6 -0.000366103
8 7 -0.000428374
8 8 -0.000491022
8 9 -0.000553959
8 10 -0.000617047
8 11 -0.00068008
8 12 -0.000742779
8 13 -0.000804789
8 14 -0.000865669
8 15 -0.000924893
8 16 -0.000981851
8 17 -0.00103585
8 18 -0.00108614
8 19 -0.00113192
8 20 -0.00117237
8 21 -0.00120669
8 22 -0.00123414
8 23 -0.00125409
8 24 -0.00126604
8 25 -0.00126967
8 26 -0.00126487
8 27 -0.00125175
8 28 -0.00123059
8 29 -0.00120188
8 30 -0.00116624
8 31 -0.00112439
8 32 -0.00107712
8 33 -0.00102522
8 34 -0.000969493
8 35 -0.000910668
8 36 -0.000849424
8 37 -0.000786359
8 38 -0.000721989
8 39 -0.000656742
8 40 -0.000590964
8 41 -0.000524925
8 42 -0.000458824
8 43 -0.000392795
8 44 -0.000326921
8 45 -0.000261238
8 46 -0.000195745
8 47 -0.000130411
8 48 -6.51848e-05
9 1 -6.79475e-05
9 2 -0.000136065
9 3 -0.000204477
9 4 -0.000273295
9 5 -0.000342609
9 6 -0.000412482
9 7 -0.000482938
9 8 -0.000553959
9 9 -0.000625472
9 10 -0.000697338
9 11 -0.000769343
9 12 -0.000841192
9 13 -0.00091249
9 14 -0.000982742
9 15 -0.00105134
9 16 -0.00111758
9 17 -0.00118064
9 18 -0.0012396
9 19 -0.00129348
9 20 -0.00134128
9 21 -0.00138197
9 22 -0.00141463
9 23 -0.00143843
9 24 -0.00145272
9 25 -0.0014571
9 26 -0.00145143
9 27 -0.00143582
9 28 -0.00141067
9 29 -0.0013766
9 30 -0.00133443
9 31 -0.00128507
9 32 -0.00122951
9 33 -0.00116876
9 34 -0.00110377
9 35 -0.00103544
9 36 -0.000964583
9 37 -0.000891886
9 38 -0.000817944
9 39 -0.00074324
9 40 -0.000668155
9 41 -0.000592977
9 42 -0.000517909
9 43 -0.000443084
9 44 -0.00036857
9 45 -0.000294385
9 46 -0.000220504
9 47 -0.000146869
9 48 -7.33999e-05
10 1 -7.54382e-05
10 2 -0.000151088
10 3 -0.000227111
10 4 -0.000303655
10 5 -0.000380846
10 6 -0.000458779
10 7 -0.00053751
10 8 -0.000617047
10 9 -0.000697338
10 10 -0.000778256
10 11 -0.000859592
10 12 -0.000941038
10 13 -0.00102217
10 14 -0.00110245
10 15 -0.00118118
10 16 -0.00125756
10 17 -0.00133061
10 18 -0.00139925
10 19 -0.00146228
10 20 -0.00151845
10 21 -0.00156649
10 22 -0.00160518
10 23 -0.00163347
10 24 -0.00165052
10 25 -0.0016558
10 26 -0.0016491
10 27 -0.00163059
10 28 -0.00160081
10 29 -0.00156057
10 30 -0.00151091
10 31 -0.00145302
10 32 -0.00138814
10 33 -0.00131752
10 34 -0.00124233
10 35 -0.00116365
10 36 -0.00108242
10 37 -0.000999447
10 38 -0.000915391
10 39 -0.000830788
10 40 -0.000746044
10 41 -0.000661456
10 42 -0.000577224
10 43 -0.000493464
10 44 -0.000410221
10 45 -0.000327486
10 46 -0.000245201
10 47 -0.000163273
10 48 -8.15842e-05
11 1 -8.28471e-05
11 2 -0.000165953
11 3 -0.000249525
11 4 -0.000333753
11 5 -0.000418807
11 6 -0.000504823
11 7 -0.000591899
11 8 -0.00068008
11 9 -0.000769343
11 10 -0.000859592
11 11 -0.000950631
11 12 -0.00104216
11 13 -0.00113373
11 14 -0.00122476
11 15 -0.0013145
11 16 -0.00140201
11 17 -0.00148619
11 18 -0.00156574
11 19 -0.00163921
11 20 -0.00170504
11 21 -0.00176163
11 22 -0.00180743
11 23 -0.00184106
11 24 -0.00186141
11 25 -0.00186776
11 26 -0.00185986
11 27 -0.00183793
11 28 -0.00180268
11 29 -0.00175518
11 30 -0.00169682
11 31 -0.00162911
11 32 -0.00155363
11 33 -0.00147193
11 34 -0.00138542
11 35 -0.00129539
11 36 -0.00120293
11 37 -0.00110894
11 38 -0.00101418
11 39 -0.000919204
11 40 -0.000824435
11 41 -0.000730166
11 42 -0.000636579
11 43 -0.000543762
11 44 -0.000451725
11 45 -0.000360418
11 46 -0.000269742
11 47 -0.000179559
11 48 -8.97056e-05
12 1 -9.01364e-05
12 2 -0.000180586
12 3 -0.000271607
12 4 -0.00036344
12 5 -0.000456307
12 6 -0.000550396
12 7 -0.000645856
12 8 -0.000742779
12 9 -0.000841192
12 10 -0.000941038
12 11 -0.00104216
12 12 -0.00114426
12 13 -0.00124691
12 14 -0.00134951
12 15 -0.00145123
12 16 -0.00155105
12 17 -0.00164769
12 18 -0.00173962
12 19 -0.00182511
12 20 -0.00190223
12 21 -0.00196895
12 22 -0.00202326
12 23 -0.00206334
12 24 -0.00208771
12 25 -0.00209539
12 26 -0.00208603
12 27 -0.00205996
12 28 -0.00201813
12 29 -0.00196199
12 30 -0.00189336
12 31 -0.00181421
12 32 -0.00172656
12 33 -0.00163229
12 34 -0.00153314
12 35 -0.0014306
12 36 -0.00132594
12 37 -0.00122015
12 38 -0.00111404
12 39 -0.00100819
12 40 -0.000903034
12 41 -0.000798826
12 42 -0.000695716
12 43 -0.000593748
12 44 -0.000492885
12 45 -0.000393022
12 46 -0.000294007
12 47 -0.000195647
12 48 -9.77233e-05
13 1 -9.72616e-05
13 2 -0.000194897
13 3 -0.000293221
13 4 -0.000392536
13 5 -0.000493121
13 6 -0.000595227
13 7 -0.000699064
13 8 -0.000804789
13 9 -0.00091249
13 10 -0.00102217
13 11 -0.00113373
13 12 -0.00124691
13 13 -0.00136133
13 14 -0.00147635
13 15 -0.00159115
13 16 -0.0017046
13 17 -0.00181525
13 18 -0.00192136
13 19 -0.00202083
13 20 -0.00211128
13 21 -0.00219015
13 22 -0.00225482
13 23 -0.00230284
13 24 -0.0023322
13 25 -0.00234154
13 26 -0.0023304
13 27 -0.00229922
13 28 -0.00224932
13 29 -0.00218271
13 30 -0.00210179
13 31 -0.00200917
13 32 -0.00190738
13 33 -0.00179878
13 34 -0.00168543
13 35 -0.00156907
13 36 -0.00145112
13 37 -0.00133266
13 38 -0.00121454
13 39 -0.00109734
13 40 -0.000981436
13 41 -0.00086706
13 42 -0.000754298
13 43 -0.000643131
13 44 -0.000533455
13 45 -0.0004251
13 46 -0.000317847
13 47 -0.000211437
13 48 -0.000105588
14 1 -0.000104171
14 2 -0.000208782
14 3 -0.000314212
14 4 -0.00042083
14 5 -0.000528982
14 6 -0.000638991
14 7 -0.000751142
14 8 -0.000865669
14 9 -0.000982742
14 10 -0.00110245
14 11 -0.00122476
14 12 -0.00134951
14 13 -0.00147635
14 14 -0.00160473
14 15 -0.00173378
14 16 -0.00186233
14 17 -0.00198882
14 18 -0.00211123
14 19 -0.00222708
14 20 -0.00233347
14 21 -0.00242712
14 22 -0.00250459
14 23 -0.00256259
14 24 -0.00259828
14 25 -0.00260977
14 26 -0.00259637
14 27 -0.00255874
14 28 -0.00249876
14 29 -0.00241922
14 30 -0.00232339
14 31 -0.0022147
14 32 -0.00209638
14 33 -0.00197132
14 34 -0.00184197
14 35 -0.00171032
14 36 -0.00157791
14 37 -0.00144589
14 38 -0.00131509
14 39 -0.00118606
14 40 -0.00105911
14 41 -0.000934391
14 42 -0.000811907
14 43 -0.000691552
14 44 -0.00057314
14 45 -0.000456417
14 46 -0.000341087
14 47 -0.000226814
14 48 -0.000113242
15 1 -0.000110806
15 2 -0.000222124
15 3 -0.000334402
15 4 -0.00044808
15 5 -0.000563582
15 6 -0.000681312
15 7 -0.000801639
15 8 -0.000924893
15 9 -0.00105134
15 10 -0.00118118
15 11 -0.0013145
15 12 -0.00145123
15 13 -0.00159115
15 14 -0.00173378
15 15 -0.00187833
15 16 -0.00202361
15 17 -0.00216798
15 18 -0.0023092
15 19 -0.0024444
15 20 -0.00257001
15 21 -0.00268191
15 22 -0.00277552
15 23 -0.0028463
15 24 -0.00289023
15 25 -0.00290455
15 26 -0.00288822
15 27 -0.00284224
15 28 -0.00276937
15 29 -0.00267357
15 30 -0.00255939
15 31 -0.00243133
15 32 -0.00229354
15 33 -0.00214952
15 34 -0.00200213
15 35 -0.00185357
15 36 -0.00170547
15 37 -0.00155899
15 38 -0.00141489
15 39 -0.00127362
15 40 -0.00113539
15 41 -0.00100023
15 42 -0.000868038
15 43 -0.000738587
15 44 -0.000611591
15 45 -0.0004867
15 46 -0.000363524
15 47 -0.000241644
15 48 -0.000120619
16 1 -0.000117104
16 2 -0.000234794
16 3 -0.000353593
16 4 -0.000474019
16 5 -0.000596578
16 6 -0.000721762
16 7 -0.000850041
16 8 -0.000981851
16 9 -0.00111758
16 10 -0.00125756
16 11 -0.00140201
16 12 -0.00155105
16 13 -0.0017046
16 14 -0.00186233
16 15 -0.00202361
16 16 -0.00218735
16 17 -0.00235189
16 18 -0.00251484
16 19 -0.00267296
16 20 -0.00282198
16 21 -0.00295669
16 22 -0.00307101
16 23 -0.00315858
16 24 -0.00321355
16 25 -0.00323169
16 26 -0.00321144
16 27 -0.00315434
16 28 -0.00306457
16 29 -0.00294795
16 30 -0.00281085
16 31 -0.00265926
16 32 -0.00249842
16 33 -0.00233253
16 34 -0.00216482
16 35 -0.00199765
16 36 -0.00183264
16 37 -0.00167086
16 38 -0.00151292
16 39 -0.00135911
16 40 -0.00120948
16 41 -0.0010639
16 42 -0.000922104
16 43 -0.000783748
16 44 -0.000648414
16 45 -0.00051564
16 46 -0.000384933
16 47 -0.000255778
16 48 -0.000127646
17 1 -0.000122996
17 2 -0.000246654
17 3 -0.000371575
17 4 -0.000498358
17 5 -0.000627595
17 6 -0.000759875
17 7 -0.000895774
17 8 -0.00103585
17 9 -0.00118064
17 10 -0.00133061
17 11 -0.00148619
17 12 -0.00164769
17 13 -0.00181525
17 14 -0.00198882
17 15 -0.00216798
17 16 -0.00235189
17 17 -0.00253903
17 18 -0.00272701
17 19 -0.00291233
17 20 -0.00309004
17 21 -0.00325363
17 22 -0.00339506
17 23 -0.00350528
17 24 -0.0035755
17 25 -0.00359903
17 26 -0.00357331
17 27 -0.00350086
17 28 -0.00338834
17 29 -0.00324453
17 30 -0.00307843
17 31 -0.00289806
17 32 -0.0027099
17 33 -0.00251885
17 34 -0.0023284
17 35 -0.00214092
17 36 -0.00195786
17 37 -0.00178007
17 38 -0.00160791
17 39 -0.00144142
17 40 -0.00128043
17 41 -0.00112458
17 42 -0.000973439
17 43 -0.000826489
17 44 -0.000683173
17 45 -0.000542901
17 46 -0.000405067
17 47 -0.000269056
17 48 -0.000134242
18 1 -0.000128411
18 2 -0.000257561
18 3 -0.000388128
18 4 -0.000520792
18 5 -0.000656236
18 6 -0.000795148
18 7 -0.000938219
18 8 -0.00108614
18 9 -0.0012396
18 10 -0.00139925
18 11 -0.00156574
18 12 -0.00173962
18 13 -0.00192136
18 14 -0.00211123
18 15 -0.0023092
18 16 -0.00251484
18 17 -0.00272701
18 18 -0.0029436
18 19 -0.00316109
18 20 -0.00337403
18 21 -0.00357458
18 22 -0.00375215
18 23 -0.00389385
18 24 -0.00398601
18 25 -0.00401748
18 26 -0.00398373
18 27 -0.00388926
18 28 -0.00374519
18 29 -0.00356514
18 30 -0.003362
18 31 -0.0031463
18 32 -0.00292586
18 33 -0.0027061
18 34 -0.00249049
18 35 -0.00228114
18 36 -0.00207912
18 37 -0.00188487
18 38 -0.00169836
18 39 -0.00151928
18 40 -0.00134716
18 41 -0.00118139
18 42 -0.00102131
18 43 -0.000866218
18 44 -0.000715396
18 45 -0.000568121
18 46 -0.000423666
18 47 -0.000281307
18 48 -0.000140324
19 1 -0.000133278
19 2 -0.00026737
19 3 -0.000403027
19 4 -0.000541011
19 5 -0.000682093
19 6 -0.000827063
19 7 -0.000976728
19 8 -0.00113192
19 9 -0.00129348
19 10 -0.00146228
19 11 -0.00163921
19 12 -0.00182511
19 13 -0.00202083
19 14 -0.00222708
19 15 -0.0024444
19 16 -0.00267296
19 17 -0.00291233
19 18 -0.00316109
19 19 -0.00341622
19 20 -0.00367229
19 21 -0.00392038
19 22 -0.00414704
19 23 -0.00433386
19 24 -0.00445913
19 25 -0.00450304
19 26 -0.00445678
19 27 -0.00432913
19 28 -0.00413986
19 29 -0.00391066
19 30 -0.00365989
19 31 -0.00340097
19 32 -0.00314279
19 33 -0.00289076
19 34 -0.00264784
19 35 -0.00241545
19 36 -0.00219396
19 37 -0.00198318
19 38 -0.00178253
19 39 -0.00159126
19 40 -0.00140851
19 41 -0.00123337
19 42 -0.00106494
19 43 -0.000902313
19 44 -0.000744599
19 45 -0.00059093
19 46 -0.000440461
19 47 -0.000292359
19 48 -0.000145808
20 1 -0.000137527
20 2 -0.000275937
20 3 -0.000416052
20 4 -0.000558709
20 5 -0.000704764
20 6 -0.000855103
20 7 -0.00101065
20 8 -0.00117237
20 9 -0.00134128
20 10 -0.00151845
20 11 -0.00170504
20 12 -0.00190223
20 13 -0.00211128
20 14 -0.00233347
20 15 -0.00257001
20 16 -0.00282198
20 17 -0.00309004
20 18 -0.00337403
20 19 -0.00367229
20 20 -0.00398044
20 21 -0.00428955
20 22 -0.00458369
20 23 -0.00483739
20 24 -0.00501555
20 25 -0.00508074
20 26 -0.00501314
20 27 -0.00483254
20 28 -0.00457633
20 29 -0.00427957
20 30 -0.00396771
20 31 -0.00365664
20 32 -0.00335526
20 33 -0.0030679
20 34 -0.00279621
20 35 -0.0025403
20 36 -0.00229947
20 37 -0.00207263
20 38 -0.00185851
20 39 -0.0016558
20 40 -0.00146322
20 41 -0.00127952
20 42 -0.00110354
20 43 -0.000934145
20 44 -0.00077029
20 45 -0.000610959
20 46 -0.000455187
20 47 -0.00030204
20 48 -0.000150608
21 1 -0.000141094
21 2 -0.000283131
21 3 -0.000426997
21 4 -0.000573596
21 5 -0.000723862
21 6 -0.000878769
21 7 -0.00103935
21 8 -0.00120669
21 9 -0.00138197
21 10 -0.00156649
21 11 -0.00176163
21 12 -0.00196895
21 13 -0.00219015
21 14 -0.00242712
21 15 -0.00268191
21 16 -0.00295669
21 17 -0.00325363
21 18 -0.00357458
21 19 -0.00392038
21 20 -0.00428955
21 21 -0.00467566
21 22 -0.00506276
21 23 -0.00541846
21 24 -0.00568693
21 25 -0.0057932
21 26 -0.00568447
21 27 -0.0054135
21 28 -0.00505524
21 29 -0.00466547
21 30 -0.00427655
21 31 -0.0039044
21 32 -0.00355541
21 33 -0.00323102
21 34 -0.00293037
21 35 -0.00265156
21 36 -0.0023924
21 37 -0.00215067
21 38 -0.00192428
21 39 -0.00171132
21 40 -0.00151004
21 41 -0.00131885
21 42 -0.00113631
21 43 -0.000961105
21 44 -0.000792
21 45 -0.000627855
21 46 -0.000467594
21 47 -0.000310188
21 48 -0.000154647
22 1 -0.000143918
22 2 -0.000288831
22 3 -0.000435675
22 4 -0.000585412
22 5 -0.00073904
22 6 -0.00089761
22 7 -0.00106224
22 8 -0.00123414
22 9 -0.00141463
22 10 -0.00160518
22 11 -0.00180743
22 12 -0.00202326
22 13 -0.00225482
22 14 -0.00250459
22 15 -0.00277552
22 16 -0.00307101
22 17 -0.00339506
22 18 -0.00375215
22 19 -0.00414704
22 20 -0.00458369
22 21 -0.00506276
22 22 -0.00557525
22 23 -0.00608875
22 24 -0.00652254
22 25 -0.00672265
22 26 -0.00652004
22 27 -0.00608371
22 28 -0.00556761
22 29 -0.00505241
22 30 -0.00457048
22 31 -0.00413079
22 32 -0.00373267
22 33 -0.00337208
22 34 -0.00304426
22 35 -0.00274467
22 36 -0.0024693
22 37 -0.00221468
22 38 -0.00197785
22 39 -0.00175628
22 40 -0.00154778
22 41 -0.00135043
22 42 -0.00116255
22 43 -0.000982632
22 44 -0.0008093
22 45 -0.000641298
22 46 -0.000477453
22 47 -0.000316659
22 48 -0.000157852
23 1 -0.000145952
23 2 -0.000292937
23 3 -0.00044193
23 4 -0.000593938
23 5 -0.000750005
23 6 -0.000911242
23 7 -0.00107884
23 8 -0.00125409
23 9 -0.00143843
23 10 -0.00163347
23 11 -0.00184106
23 12 -0.00206334
23 13 -0.00230284
23 14 -0.00256259
23 15 -0.0028463
23 16 -0.00315858
23 17 -0.00350528
23 18 -0.00389385
23 19 -0.00433386
23 20 -0.00483739
23 21 -0.00541846
23 22 -0.00608875
23 23 -0.00684079
23 24 -0.00759385
23 25 -0.00805686
23 26 -0.00759132
23 27 -0.00683569
23 28 -0.00608102
23 29 -0.00540798
23 30 -0.00482403
23 31 -0.00431743
23 32 -0.00387413
23 33 -0.00348204
23 34 -0.00313152
23 35 -0.00281509
23 36 -0.00252687
23 37 -0.00226223
23 38 -0.0020174
23 39 -0.0017893
23 40 -0.00157538
23 41 -0.00137345
23 42 -0.00118163
23 43 -0.000998246
23 44 -0.000821825
23 45 -0.000651016
23 46 -0.000484574
23 47 -0.000321328
23 48 -0.000160163
24 1 -0.000147159
24 2 -0.000295374
24 3 -0.000445645
24 4 -0.000599006
24 5 -0.000756533
24 6 -0.000919371
24 7 -0.00108875
24 8 -0.00126604
24 9 -0.00145272
24 10 -0.00165052
24 11 -0.00186141
24 12 -0.00208771
24 13 -0.0023322
24 14 -0.00259828
24 15 -0.00289023
24 16 -0.00321355
24 17 -0.0035755
24 18 -0.00398601
24 19 -0.00445913
24 20 -0.00501555
24 21 -0.00568693
24 22 -0.00652254
24 23 -0.00759385
24 24 -0.00895725
24 25 -0.0103217
24 26 -0.0089547
24 27 -0.00758872
24 28 -0.00651475
24 29 -0.00567638
24 30 -0.00500209
24 31 -0.00444258
24 32 -0.00396616
24 33 -0.00355209
24 34 -0.00318629
24 35 -0.0028588
24 36 -0.00256232
24 37 -0.0022913
24 38 -0.00204144
24 39 -0.00180929
24 40 -0.00159202
24 41 -0.00138729
24 42 -0.00119306
24 43 -0.00100758
24 44 -0.000829297
24 45 -0.000656804
24 46 -0.000488809
24 47 -0.000324103
24 48 -0.000161536
25 1 -0.000147515
25 2 -0.000296093
25 3 -0.000446745
25 4 -0.000600511
25 5 -0.00075848
25 6 -0.000921809
25 7 -0.00109175
25 8 -0.00126967
25 9 -0.0014571
25 10 -0.0016558
25 11 -0.00186776
25 12 -0.00209539
25 13 -0.00234154
25 14 -0.00260977
25 15 -0.00290455
25 16 -0.00323169
25 17 -0.00359903
25 18 -0.00401748
25 19 -0.00450304
25 20 -0.00508074
25 21 -0.0057932
25 22 -0.00672265
25 23 -0.00805686
25 24 -0.0103217
25 25 -0.0153199
25 26 -0.0103191
25 27 -0.00805172
25 28 -0.00671484
25 29 -0.00578261
25 30 -0.00506724
25 31 -0.00448645
25 32 -0.00399757
25 33 -0.00357556
25 34 -0.00320437
25 35 -0.00287304
25 36 -0.00257372
25 37 -0.00230055
25 38 -0.00204901
25 39 -0.00181552
25 40 -0.00159716
25 41 -0.00139152
25 42 -0.00119653
25 43 -0.00101039
25 44 -0.000831537
25 45 -0.000658531
25 46 -0.000490067
25 47 -0.000324924
25 48 -0.000161942
26 1 -0.000147011
26 2 -0.000295078
26 3 -0.000445202
26 4 -0.000598416
26 5 -0.000755797
26 6 -0.000918491
26 7 -0.00108773
26 8 -0.00126487
26 9 -0.00145143
26 10 -0.0016491
26 11 -0.00185986
26 12 -0.00208603
26 13 -0.0023304
26 14 -0.00259637
26 15 -0.00288822
26 16 -0.00321144
26 17 -0.00357331
26 18 -0.00398373
26 19 -0.00445678
26 20 -0.00501314
26 21 -0.00568447
26 22 -0.00652004
26 23 -0.00759132
26 24 -0.0089547
26 25 -0.0103191
26 26 -0.00895215
26 27 -0.00758618
26 28 -0.00651224
26 29 -0.0056739
26 30 -0.00499966
26 31 -0.00444021
26 32 -0.00396386
26 33 -0.00354988
26 34 -0.00318417
26 35 -0.00285678
26 36 -0.0025604
26 37 -0.0022895
26 38 -0.00203976
26 39 -0.00180774
26 40 -0.00159062
26 41 -0.00138602
26 42 -0.00119194
26 43 -0.00100661
26 44 -0.000828483
26 45 -0.000656149
26 46 -0.000488315
26 47 -0.000323771
26 48 -0.00016137
27 1 -0.000145655
27 2 -0.000292341
27 3 -0.000441037
27 4 -0.000592749
27 5 -0.000748523
27 6 -0.00090947
27 7 -0.00107678
27 8 -0.00125175
27 9 -0.00143582
27 10 -0.00163059
27 11 -0.00183793
27 12 -0.00205996
27 13 -0.00229922
27 14 -0.00255874
27 15 -0.00284224
27 16 -0.00315434
27 17 -0.00350086
27 18 -0.00388926
27 19 -0.00432913
27 20 -0.00483254
27 21 -0.0054135
27 22 -0.00608371
27 23 -0.00683569
27 24 -0.00758872
27 25 -0.00805172
27 26 -0.00758618
27 27 -0.00683059
27 28 -0.00607596
27 29 -0.005403
27 30 -0.00481915
27 31 -0.00431267
27 32 -0.00386952
27 33 -0.00347758
27 34 -0.00312725
27 35 -0.00281102
27 36 -0.00252302
27 37 -0.00225861
27 38 -0.00201402
27 39 -0.00178619
27 40 -0.00157255
27 41 -0.0013709
27 42 -0.00117937
27 43 -0.000996296
27 44 -0.000820187
27 45 -0.000649697
27 46 -0.000483579
27 47 -0.000320661
27 48 -0.000159829
28 1 -0.000143467
28 2 -0.000287927
28 3 -0.00043432
28 4 -0.000583608
28 5 -0.000736792
28 6 -0.000894921
28 7 -0.00105912
28 8 -0.00123059
28 9 -0.00141067
28 10 -0.00160081
28 11 -0.00180268
28 12 -0.00201813
28 13 -0.00224932
28 14 -0.00249876
28 15 -0.00276937
28 16 -0.00306457
28 17 -0.00338834
28 18 -0.00374519
28 19 -0.00413986
28 20 -0.00457633
28 21 -0.00505524
28 22 -0.00556761
28 23 -0.00608102
28 24 -0.00651475
28 25 -0.00671484
28 26 -0.00651224
28 27 -0.00607596
28 28 -0.00555994
28 29 -0.00504485
28 30 -0.00456308
28 31 -0.00412358
28 32 -0.00372567
28 33 -0.00336533
28 34 -0.00303778
28 35 -0.0027385
28 36 -0.00246345
28 37 -0.00220919
28 38 -0.00197274
28 39 -0.00175156
28 40 -0.00154348
28 41 -0.00134656
28 42 -0.00115913
28 43 -0.000979675
28 44 -0.000806816
28 45 -0.000639298
28 46 -0.000475945
28 47 -0.000315649
28 48 -0.000157345
29 1 -0.000140482
29 2 -0.000281907
29 3 -0.000425162
29 4 -0.000571153
29 5 -0.000720816
29 6 -0.000875127
29 7 -0.00103512
29 8 -0.00120188
29 9 -0.0013766
29 10 -0.00156057
29 11 -0.00175518
29 12 -0.00196199
29 13 -0.00218271
29 14 -0.00241922
29 15 -0.00267357
29 16 -0.00294795
29 17 -0.00324453
29 18 -0.00356514
29 19 -0.00391066
29 20 -0.00427957
29 21 -0.00466547
29 22 -0.00505241
29 23 -0.00540798
29 24 -0.00567638
29 25 -0.00578261
29 26 -0.0056739
29 27 -0.005403
29 28 -0.00504485
29 29 -0.00465524
29 30 -0.00426653
29 31 -0.00389463
29 32 -0.00354593
29 33 -0.00322188
29 34 -0.0029216
29 35 -0.0026432
29 36 -0.00238448
29 37 -0.00214323
29 38 -0.00191736
29 39 -0.00170494
29 40 -0.00150422
29 41 -0.00131362
29 42 -0.00113169
29 43 -0.000957105
29 44 -0.000788641
29 45 -0.00062515
29 46 -0.000465555
29 47 -0.000308823
29 48 -0.000153962
30 1 -0.000136747
30 2 -0.000274377
30 3 -0.000413713
30 4 -0.000555594
30 5 -0.000700881
30 6 -0.00085046
30 7 -0.00100526
30 8 -0.00116624
30 9 -0.00133443
30 10 -0.00151091
30 11 -0.00169682
30 12 -0.00189336
30 13 -0.00210179
30 14 -0.00232339
30 15 -0.00255939
30 16 -0.00281085
30 17 -0.00307843
30 18 -0.003362
30 19 -0.00365989
30 20 -0.00396771
30 21 -0.00427655
30 22 -0.00457048
30 23 -0.00482403
30 24 -0.00500209
30 25 -0.00506724
30 26 -0.00499966
30 27 -0.00481915
30 28 -0.00456308
30 29 -0.00426653
30 30 -0.00395493
30 31 -0.00364418
30 32 -0.00334318
30 33 -0.00305625
30 34 -0.00278504
30 35 -0.00252965
30 36 -0.00228939
30 37 -0.00206316
30 38 -0.00184969
30 39 -0.00164767
30 40 -0.00145581
30 41 -0.00127286
30 42 -0.00109765
30 43 -0.000929054
30 44 -0.000766014
30 45 -0.000607517
30 46 -0.000452592
30 47 -0.000300303
30 48 -0.000149737
31 1 -0.00013232
31 2 -0.000265452
31 3 -0.000400153
31 4 -0.000537185
31 5 -0.000677323
31 6 -0.000821359
31 7 -0.000970104
31 8 -0.00112439
31 9 -0.00128507
31 10 -0.00145302
31 11 -0.00162911
31 12 -0.00181421
31 13 -0.00200917
31 14 -0.0022147
31 15 -0.00243133
31 16 -0.00265926
31 17 -0.00289806
31 18 -0.0031463
31 19 -0.00340097
31 20 -0.00365664
31 21 -0.0039044
31 22 -0.00413079
31 23 -0.00431743
31 24 -0.00444258
31 25 -0.00448645
31 26 -0.00444021
31 27 -0.00431267
31 28 -0.00412358
31 29 -0.00389463
31 30 -0.00364418
31 31 -0.00338566
31 32 -0.00312795
31 33 -0.00287644
31 34 -0.00263412
31 35 -0.00240237
31 36 -0.00218159
31 37 -0.00197156
31 38 -0.00177171
31 39 -0.00158128
31 40 -0.00139941
31 41 -0.0012252
31 42 -0.00105772
31 43 -0.000896069
31 44 -0.000739356
31 45 -0.00058671
31 46 -0.000437279
31 47 -0.000290229
31 48 -0.00014474
32 1 -0.000127262
32 2 -0.000255263
32 3 -0.000384684
32 4 -0.000516206
32 5 -0.000650518
32 6 -0.000788311
32 7 -0.000930279
32 8 -0.00107712
32 9 -0.00122951
32 10 -0.00138814
32 11 -0.00155363
32 12 -0.00172656
32 13 -0.00190738
32 14 -0.00209638
32 15 -0.00229354
32 16 -0.00249842
32 17 -0.0027099
32 18 -0.00292586
32 19 -0.00314279
32 20 -0.00335526
32 21 -0.00355541
32 22 -0.00373267
32 23 -0.00387413
32 24 -0.00396616
32 25 -0.00399757
32 26 -0.00396386
32 27 -0.00386952
32 28 -0.00372567
32 29 -0.00354593
32 30 -0.00334318
32 31 -0.00312795
32 32 -0.00290807
32 33 -0.00268894
32 34 -0.00247405
32 35 -0.00226547
32 36 -0.0020643
32 37 -0.00187095
32 38 -0.0016854
32 39 -0.00150734
32 40 -0.00133628
32 41 -0.00117161
32 42 -0.00101267
32 43 -0.000858748
32 44 -0.000709126
32 45 -0.000563074
32 46 -0.000419861
32 47 -0.000278761
32 48 -0.000139048
33 1 -0.000121643
33 2 -0.000243948
33 3 -0.000367519
33 4 -0.000492957
33 5 -0.000620861
33 6 -0.000751822
33 7 -0.000886422
33 8 -0.00102522
33 9 -0.00116876
33 10 -0.00131752
33 11 -0.00147193
33 12 -0.00163229
33 13 -0.00179878
33 14 -0.00197132
33 15 -0.00214952
33 16 -0.00233253
33 17 -0.00251885
33 18 -0.0027061
33 19 -0.00289076
33 20 -0.0030679
33 21 -0.00323102
33 22 -0.00337208
33 23 -0.00348204
33 24 -0.00355209
33 25 -0.00357556
33 26 -0.00354988
33 27 -0.00347758
33 28 -0.00336533
33 29 -0.00322188
33 30 -0.00305625
33 31 -0.00287644
33 32 -0.00268894
33 33 -0.00249865
33 34 -0.00230904
33 35 -0.00212248
33 36 -0.00194042
33 37 -0.0017637
33 38 -0.00159267
33 39 -0.00142738
33 40 -0.00126763
33 41 -0.00111308
33 42 -0.000963282
33 43 -0.00081771
33 44 -0.000675804
33 45 -0.000536971
33 46 -0.000400598
33 47 -0.000266065
33 48 -0.000132742
34 1 -0.000115531
34 2 -0.000231648
34 3 -0.000348877
34 4 -0.000467741
34 5 -0.00058875
34 6 -0.000712401
34 7 -0.000839168
34 8 -0.000969493
34 9 -0.00110377
34 10 -0.00124233
34 11 -0.00138542
34 12 -0.00153314
34 13 -0.00168543
34 14 -0.00184197
34 15 -0.00200213
34 16 -0.00216482
34 17 -0.0023284
34 18 -0.00249049
34 19 -0.00264784
34 20 -0.00279621
34 21 -0.00293037
34 22 -0.00304426
34 23 -0.00313152
34 24 -0.00318629
34 25 -0.00320437
34 26 -0.00318417
34 27 -0.00312725
34 28 -0.00303778
34 29 -0.0029216
34 30 -0.00278504
34 31 -0.00263412
34 32 -0.00247405
34 33 -0.00230904
34 34 -0.00214232
34 35 -0.00197622
34 36 -0.00181238
34 37 -0.00165184
34 38 -0.00149522
34 39 -0.0013428
34 40 -0.00119463
34 41 -0.00105055
34 42 -0.000910319
34 43 -0.000773565
34 44 -0.000639869
34 45 -0.000508764
34 46 -0.000379751
34 47 -0.00025231
34 48 -0.000125907
35 1 -0.000108996
35 2 -0.000218503
35 3 -0.000328975
35 4 -0.000440855
35 5 -0.000554573
35 6 -0.000670538
35 7 -0.000789124
35 8 -0.000910668
35 9 -0.00103544
35 10 -0.00116365
35 11 -0.00129539
35 12 -0.0014306
35 13 -0.00156907
35 14 -0.00171032
35 15 -0.00185357
35 16 -0.00199765
35 17 -0.00214092
35 18 -0.00228114
35 19 -0.00241545
35 20 -0.0025403
35 21 -0.00265156
35 22 -0.00274467
35 23 -0.00281509
35 24 -0.0028588
35 25 -0.00287304
35 26 -0.00285678
35 27 -0.00281102
35 28 -0.0027385
35 29 -0.0026432
35 30 -0.00252965
35 31 -0.00240237
35 32 -0.00226547
35 33 -0.00212248
35 34 -0.00197622
35 35 -0.00182891
35 36 -0.00168216
35 37 -0.00153712
35 38 -0.00139455
35 39 -0.00125488
35 40 -0.00111833
35 41 -0.000984906
35 42 -0.000854502
35 43 -0.000726893
35 44 -0.00060178
35 45 -0.000478806
35 46 -0.000357576
35 47 -0.000237664
35 48 -0.000118625
36 1 -0.000102105
36 2 -0.000204649
36 3 -0.000308017
36 4 -0.000412582
36 5 -0.000518697
36 6 -0.00062669
36 7 -0.000736852
36 8 -0.000849424
36 9 -0.000964583
36 10 -0.00108242
36 11 -0.00120293
36 12 -0.00132594
36 13 -0.00145112
36 14 -0.00157791
36 15 -0.00170547
36 16 -0.00183264
36 17 -0.00195786
36 18 -0.00207912
36 19 -0.00219396
36 20 -0.00229947
36 21 -0.0023924
36 22 -0.0024693
36 23 -0.00252687
36 24 -0.00256232
36 25 -0.00257372
36 26 -0.0025604
36 27 -0.00252302
36 28 -0.00246345
36 29 -0.00238448
36 30 -0.00228939
36 31 -0.00218159
36 32 -0.0020643
36 33 -0.00194042
36 34 -0.00181238
36 35 -0.00168216
36 36 -0.00155129
36 37 -0.00142093
36 38 -0.00129188
36 39 -0.00116468
36 40 -0.00103965
36 41 -0.000916919
36 42 -0.000796483
36 43 -0.00067823
36 44 -0.000561965
36 45 -0.000447429
36 46 -0.000334315
36 47 -0.000222284
36 48 -0.000110972
37 1 -9.49186e-05
37 2 -0.000190211
37 3 -0.000286197
37 4 -0.000383184
37 5 -0.000481458
37 6 -0.000581277
37 7 -0.000682855
37 8 -0.000786359
37 9 -0.000891886
37 10 -0.000999447
37 11 -0.00110894
37 12 -0.00122015
37 13 -0.00133266
37 14 -0.00144589
37 15 -0.00155899
37 16 -0.00167086
37 17 -0.00178007
37 18 -0.00188487
37 19 -0.00198318
37 20 -0.00207263
37 21 -0.00215067
37 22 -0.00221468
37 23 -0.00226223
37 24 -0.0022913
37 25 -0.00230055
37 26 -0.0022895
37 27 -0.00225861
37 28 -0.00220919
37 29 -0.00214323
37 30 -0.00206316
37 31 -0.00197156
37 32 -0.00187095
37 33 -0.0017637
37 34 -0.00165184
37 35 -0.00153712
37 36 -0.00142093
37 37 -0.00130436
37 38 -0.00118823
37 39 -0.00107312
37 40 -0.000959395
37 41 -0.000847276
37 42 -0.000736838
37 43 -0.000628054
37 44 -0.000520812
37 45 -0.000414932
37 46 -0.000310188
37 47 -0.000206315
37 48 -0.000103021
38 1 -8.74949e-05
38 2 -0.000175303
38 3 -0.000263687
38 4 -0.000352896
38 5 -0.000443157
38 6 -0.000534664
38 7 -0.000627574
38 8 -0.000721989
38 9 -0.000817944
38 10 -0.000915391
38 11 -0.00101418
38 12 -0.00111404
38 13 -0.00121454
38 14 -0.00131509
38 15 -0.00141489
38 16 -0.00151292
38 17 -0.00160791
38 18 -0.00169836
38 19 -0.00178253
38 20 -0.00185851
38 21 -0.00192428
38 22 -0.00197785
38 23 -0.0020174
38 24 -0.00204144
38 25 -0.00204901
38 26 -0.00203976
38 27 -0.00201402
38 28 -0.00197274
38 29 -0.00191736
38 30 -0.00184969
38 31 -0.00177171
38 32 -0.0016854
38 33 -0.00159267
38 34 -0.00149522
38 35 -0.00139455
38 36 -0.00129188
38 37 -0.00118823
38 38 -0.00108438
38 39 -0.000980904
38 40 -0.000878206
38 41 -0.000776547
38 42 -0.000676061
38 43 -0.000576781
38 44 -0.00047866
38 45 -0.000381585
38 46 -0.000285394
38 47 -0.000189887
38 48 -9.48372e-05
39 1 -7.98841e-05
39 2 -0.000160027
39 3 -0.000240642
39 4 -0.000321925
39 5 -0.000404053
39 6 -0.00048717
39 7 -0.000571382
39 8 -0.000656742
39 9 -0.00074324
39 10 -0.000830788
39 11 -0.000919204
39 12 -0.00100819
39 13 -0.00109734
39 14 -0.00118606
39 15 -0.00127362
39 16 -0.00135911
39 17 -0.00144142
39 18 -0.00151928
39 19 -0.00159126
39 20 -0.0016558
39 21 -0.00171132
39 22 -0.00175628
39 23 -0.0017893
39 24 -0.00180929
39 25 -0.00181552
39 26 -0.00180774
39 27 -0.00178619
39 28 -0.00175156
39 29 -0.00170494
39 30 -0.00164767
39 31 -0.00158128
39 32 -0.00150734
39 33 -0.00142738
39 34 -0.0013428
39 35 -0.00125488
39 36 -0.00116468
39 37 -0.00107312
39 38 -0.000980904
39 39 -0.000888595
39 40 -0.0007966
39 41 -0.000705198
39 42 -0.000614559
39 43 -0.000524759
39 44 -0.000435798
39 45 -0.000347616
39 46 -0.000260104
39 47 -0.000173115
39 48 -8.64767e-05
40 1 -7.21298e-05
40 2 -0.000144471
40 3 -0.000217192
40 4 -0.000290446
40 5 -0.000364367
40 6 -0.000439058
40 7 -0.000514585
40 8 -0.000590964
40 9 -0.000668155
40 10 -0.000746044
40 11 -0.000824435
40 12 -0.000903034
40 13 -0.000981436
40 14 -0.00105911
40 15 -0.00113539
40 16 -0.00120948
40 17 -0.00128043
40 18 -0.00134716
40 19 -0.00140851
40 20 -0.00146322
40 21 -0.00151004
40 22 -0.00154778
40 23 -0.00157538
40 24 -0.00159202
40 25 -0.00159716
40 26 -0.00159062
40 27 -0.00157255
40 28 -0.00154348
40 29 -0.00150422
40 30 -0.00145581
40 31 -0.00139941
40 32 -0.00133628
40 33 -0.00126763
40 34 -0.00119463
40 35 -0.00111833
40 36 -0.00103965
40 37 -0.000959395
40 38 -0.000878206
40 39 -0.0007966
40 40 -0.000714968
40 41 -0.000633593
40 42 -0.00055266
40 43 -0.000472273
40 44 -0.000392467
40 45 -0.000313219
40 46 -0.000234462
40 47 -0.000156094
40 48 -7.79877e-05
41 1 -6.42688e-05
41 2 -0.000128708
41 3 -0.000193447
41 4 -0.000258606
41 5 -0.000324281
41 6 -0.000390543
41 7 -0.000457427
41 8 -0.000524925
41 9 -0.000592977
41 10 -0.000661456
41 11 -0.000730166
41 12 -0.000798826
41 13 -0.00086706
41 14 -0.000934391
41 15 -0.00100023
41 16 -0.0010639
41 17 -0.00112458
41 18 -0.00118139
41 19 -0.00123337
41 20 -0.00127952
41 21 -0.00131885
41 22 -0.00135043
41 23 -0.00137345
41 24 -0.00138729
41 25 -0.00139152
41 26 -0.00138602
41 27 -0.0013709
41 28 -0.00134656
41 29 -0.00131362
41 30 -0.00127286
41 31 -0.0012252
41 32 -0.00117161
41 33 -0.00111308
41 34 -0.00105055
41 35 -0.000984906
41 36 -0.000916919
41 37 -0.000847276
41 38 -0.000776547
41 39 -0.000705198
41 40 -0.000633593
41 41 -0.000562001
41 42 -0.000490614
41 43 -0.000419546
41 44 -0.000348856
41 45 -0.000278547
41 46 -0.000208586
41 47 -0.000138903
41 48 -6.94099e-05
42 1 -5.63314e-05
42 2 -0.000112797
42 3 -0.000169498
42 4 -0.000226521
42 5 -0.000283936
42 6 -0.000341789
42 7 -0.000400093
42 8 -0.000458824
42 9 -0.000517909
42 10 -0.000577224
42 11 -0.000636579
42 12 -0.000695716
42 13 -0.000754298
42 14 -0.000811907
42 15 -0.000868038
42 16 -0.000922104
42 17 -0.000973439
42 18 -0.00102131
42 19 -0.00106494
42 20 -0.00110354
42 21 -0.00113631
42 22 -0.00116255
42 23 -0.00118163
42 24 -0.00119306
42 25 -0.00119653
42 26 -0.00119194
42 27 -0.00117937
42 28 -0.00115913
42 29 -0.00113169
42 30 -0.00109765
42 31 -0.00105772
42 32 -0.00101267
42 33 -0.000963282
42 34 -0.000910319
42 35 -0.000854502
42 36 -0.000796483
42 37 -0.000736838
42 38 -0.000676061
42 39 -0.000614559
42 40 -0.00055266
42 41 -0.000490614
42 42 -0.000428602
42 43 -0.000366745
42 44 -0.00030511
42 45 -0.000243722
42 46 -0.000182568
42 47 -0.000121606
42 48 -6.0775e-05
43 1 -4.83415e-05
43 2 -9.67876e-05
43 3 -0.000145413
43 4 -0.000194282
43 5 -0.000243442
43 6 -0.00029292
43 7 -0.000342716
43 8 -0.000392795
43 9 -0.000443084
43 10 -0.000493464
43 11 -0.000543762
43 12 -0.000593748
43 13 -0.000643131
43 14 -0.000691552
43 15 -0.000738587
43 16 -0.000783748
43 17 -0.000826489
43 18 -0.000866218
43 19 -0.000902313
43 20 -0.000934145
43 21 -0.000961105
43 22 -0.000982632
43 23 -0.000998246
43 24 -0.00100758
43 25 -0.00101039
43 26 -0.00100661
43 27 -0.000996296
43 28 -0.000979675
43 29 -0.000957105
43 30 -0.000929054
43 31 -0.000896069
43 32 -0.000858748
43 33 -0.00081771
43 34 -0.000773565
43 35 -0.000726893
43 36 -0.00067823
43 37 -0.000628054
43 38 -0.000576781
43 39 -0.000524759
43 40 -0.000472273
43 41 -0.000419546
43 42 -0.000366745
43 43 -0.000313984
43 44 -0.000261335
43 45 -0.000208832
43 46 -0.000156477
43 47 -0.000104249
43 48 -5.21068e-05
44 1 -4.03171e-05
44 2 -8.07137e-05
44 3 -0.000121244
44 4 -0.000161954
44 5 -0.000202874
44 6 -0.00024402
44 7 -0.000285381
44 8 -0.000326921
44 9 -0.00036857
44 10 -0.000410221
44 11 -0.000451725
44 12 -0.000492885
44 13 -0.000533455
44 14 -0.00057314
44 15 -0.000611591
44 16 -0.000648414
44 17 -0.000683173
44 18 -0.000715396
44 19 -0.000744599
44 20 -0.00077029
44 21 -0.000792
44 22 -0.0008093
44 23 -0.000821825
44 24 -0.000829297
44 25 -0.000831537
44 26 -0.000828483
44 27 -0.000820187
44 28 -0.000806816
44 29 -0.000788641
44 30 -0.000766014
44 31 -0.000739356
44 32 -0.000709126
44 33 -0.000675804
44 34 -0.000639869
44 35 -0.00060178
44 36 -0.000561965
44 37 -0.000520812
44 38 -0.00047866
44 39 -0.000435798
44 40 -0.000392467
44 41 -0.000348856
44 42 -0.00030511
44 43 -0.000261335
44 44 -0.000217598
44 45 -0.000173937
44 46 -0.000130362
44 47 -8.68653e-05
44 48 -4.34227e-05
45 1 -3.22712e-05
45 2 -6.46009e-05
45 3 -9.70274e-05
45 4 -0.000129582
45 5 -0.000162284
45 6 -0.000195139
45 7 -0.000228136
45 8 -0.000261238
45 9 -0.000294385
45 10 -0.000327486
45 11 -0.000360418
45 12 -0.000393022
45 13 -0.0004251
45 14 -0.000456417
45 15 -0.0004867
45 16 -0.00051564
45 17 -0.000542901
45 18 -0.000568121
45 19 -0.00059093
45 20 -0.000610959
45 21 -0.000627855
45 22 -0.000641298
45 23 -0.000651016
45 24 -0.000656804
45 25 -0.000658531
45 26 -0.000656149
45 27 -0.000649697
45 28 -0.000639298
45 29 -0.00062515
45 30 -0.000607517
45 31 -0.00058671
45 32 -0.000563074
45 33 -0.000536971
45 34 -0.000508764
45 35 -0.000478806
45 36 -0.000447429
45 37 -0.000414932
45 38 -0.000381585
45 39 -0.000347616
45 40 -0.000313219
45 41 -0.000278547
45 42 -0.000243722
45 43 -0.000208832
45 44 -0.000173937
45 45 -0.000139072
45 46 -0.000104252
45 47 -6.94774e-05
45 48 -3.47337e-05
46 1 -2.42126e-05
46 2 -4.8466e-05
46 3 -7.27861e-05
46 4 -9.71928e-05
46 5 -0.000121698
46 6 -0.000146303
46 7 -0.000170995
46 8 -0.000195745
46 9 -0.000220504
46 10 -0.000245201
46 11 -0.000269742
46 12 -0.000294007
46 13 -0.000317847
46 14 -0.000341087
46 15 -0.000363524
46 16 -0.000384933
46 17 -0.000405067
46 18 -0.000423666
46 19 -0.000440461
46 20 -0.000455187
46 21 -0.000467594
46 22 -0.000477453
46 23 -0.000484574
46 24 -0.000488809
46 25 -0.000490067
46 26 -0.000488315
46 27 -0.000483579
46 28 -0.000475945
46 29 -0.000465555
46 30 -0.000452592
46 31 -0.000437279
46 32 -0.000419861
46 33 -0.000400598
46 34 -0.000379751
46 35 -0.000357576
46 36 -0.000334315
46 37 -0.000310188
46 38 -0.000285394
46 39 -0.000260104
46 40 -0.000234462
46 41 -0.000208586
46 42 -0.000182568
46 43 -0.000156477
46 44 -0.000130362
46 45 -0.000104252
46 46 -7.81628e-05
46 47 -5.20962e-05
46 48 -2.60461e-05
47 1 -1.61464e-05
47 2 -3.23186e-05
47 3 -4.85323e-05
47 4 -6.47994e-05
47 5 -8.11264e-05
47 6 -9.75125e-05
47 7 -0.000113948
47 8 -0.000130411
47 9 -0.000146869
47 10 -0.000163273
47 11 -0.000179559
